image: limx_map.pgm
resolution: 0.050000
origin: [-23.571297, -48.897259, 0.000000]
negate: 0
occupied_thresh: 0.65
free_thresh: 0.196

